
-3
-4
-6
-5
-5
-5
-3
-4
-4
-5
-4
-6
-4
-3
-3
-4
-3
-4
-5
-5
-5
-5
-4
-4
-4
-5
-3
-4
-3
-4
-6
-4
-7
-9
-12
-36
-35
-31
-29
-16
-14
-3
0
7
13
19
22
23
24
25
25
24
22
16
11
5
1
-3
-8
-10
-14
-17
-20
-19
-18
-17
-17
-14
-11
-5
-3
2
7
9
12
15
15
16
16
12
9
5
3
-2
-3
-6
-7
-12
-14
-14
-15
-14
-12
-10
-7
-5
0
3
6
8
10
11
12
11
10
10
4
2
0
-3
-5
-7
-9
-10
-12
-12
-11
-10
-8
-6
-3
0
0
5
6
8
9
10
9
8
7
6
2
0
-3
-4
-7
-8
-8
-10
-10
-10
-7
-6
-4
-2
0
0
2
4
6
8
7
7
7
6
5
3
0
-2
-4
-5
-7
-6
-8
-8
-7
-6
-4
-4
-1
-1
1
2
4
5
7
7
5
4
4
3
1
0
-1
-2
-5
-5
-6
-6
-7
-7
-6
-5
-3
-1
0
2
3
4
4
4
5
6
4
2
2
0
0
-3
-3
-5
-6
-5
-6
-5
-5
-3
-3
-3
0
0
2
2
3
4
4
4
3
3
1
0
0
-2
-2
-3
-4
-5
-5
-6
-5
-4
-3
-2
-1
0
0
0
2
3
3
3
3
4
2
1
0
-1
-2
-3
-4
-4
-5
-4
-4
-3
-3
-2
-1
-1
0
1
2
2
3
4
3
3
1
3
1
0
0
-1
-3
-5
-4
-4
-5
-3
-2
-2
-3
-1
1
0
2
2
2
3
3
3
1
2
1
0
0
0
-1
-3
-2
-4
-4
-3
-4
-2
-2
-1
-1
0
0
1
2
2
2
2
3
3
1
0
0
0
-1
-3
-2
-3
-2
-2
-4
-3
-3
-1
-1
0
0
1
1
0
2
2
1
0
0
1
0
-1
-1
-2
-2
-2
-2
-3
-3
-3
-2
-1
-2
-1
-1
-1
0
1
0
1
1
1
0
1
0
0
0
0
-2
-3
-2
-3
-3
-3
-2
-2
0
0
-1
0
1
1
0
2
2
1
1
1
1
0
-1
-1
-1
